GRILLE 1:

		Temps séquentiel: 1364s
		Temps parallèle: 87s
		
		{12, 0, 8, 9, 0, 6, 15, 0, 4, 0, 0, 11, 14, 0, 13, 1},
		{0, 0, 5, 0, 0, 8, 0, 0, 0, 13, 0, 16, 11, 0, 0, 3},
		{11, 0, 0, 0, 0, 0, 0, 0, 0, 0, 0, 5, 4, 8, 0, 0},
		{0, 0, 6, 0, 0, 0, 10, 16, 0, 0, 0, 0, 0, 0, 0, 9},
		{0, 5, 0, 0, 12, 9, 0, 0, 0, 15, 0, 8, 10, 4, 0, 0},
		{0, 0, 15, 4, 8, 13, 0, 0, 0, 0, 16, 14, 12, 0, 0, 5},
		{10, 16, 0, 8, 0, 0, 6, 14, 0, 4, 0, 0, 0, 0, 9, 0},
		{6, 0, 0, 14, 0, 16, 4, 0, 3, 5, 11, 9, 13, 0, 1, 0},
		{0, 9, 0, 0, 0, 0, 0, 0, 12, 0, 0, 0, 0, 1, 14, 6},
		{0, 0, 14, 0, 0, 0, 0, 0, 0, 9, 0, 0, 16, 0, 15, 0},
		{0, 0, 11, 0, 10, 0, 16, 0, 0, 7, 8, 0, 0, 0, 12, 13},
		{0, 0, 0, 13, 0, 11, 12, 0, 0, 0, 0, 15, 8, 3, 5, 0},
		{8, 11, 0, 10, 0, 12, 2, 0, 0, 0, 6, 0, 0, 7, 4, 0},
		{14, 0, 13, 15, 16, 0, 8, 0, 11, 0, 0, 0, 0, 9, 0, 0},
		{0, 0, 0, 0, 15, 0, 11, 0, 0, 14, 0, 0, 6, 0, 0, 0},
		{0, 7, 4, 6, 1, 10, 13, 0, 0, 12, 0, 0, 15, 0, 0, 0},

GRILLE 2:

		Temps séquentiel: 313,5s
		Temps parallèle: 77,5s


		{0, 0, 0, 0, 14, 0, 0, 0, 0, 1, 13, 0, 0, 0, 6, 0},
		{4, 0, 0, 0, 1, 0, 12, 0, 5, 0, 0, 8, 15, 0, 0, 10},
		{16, 15, 0, 2, 0, 8, 0, 0, 3, 0, 9, 0, 1, 13, 4, 14},
		{0, 12, 0, 11, 2, 3, 0, 13, 0, 0, 6, 4, 0, 0, 0, 0},
		{11, 14, 0, 16, 6, 2, 0, 0, 0, 12, 0, 15, 10, 0, 0, 0},
		{0, 0, 5, 0, 0, 0, 1, 0, 0, 0, 0, 11, 9, 0, 7, 0},
		{0, 13, 0, 15, 10, 9, 0, 0, 16, 3, 8, 0, 0, 2, 14, 0},
		{0, 0, 3, 8, 11, 0, 4, 0, 0, 10, 1, 5, 0, 0, 15, 0},
		{3, 0, 0, 0, 12, 0, 0, 1, 0, 0, 0, 13, 6, 14, 8, 0},
		{0, 1, 2, 0, 0, 0, 3, 0, 8, 0, 15, 0, 12, 0, 11, 16},
		{6, 11, 0, 0, 13, 0, 0, 7, 0, 5, 14, 0, 3, 0, 0, 0},
		{15, 0, 0, 4, 9, 0, 2, 16, 6, 11, 0, 0, 0, 0, 0, 5},
		{2, 0, 11, 10, 0, 0, 14, 0, 0, 0, 0, 0, 0, 0, 1, 0},
		{0, 0, 0, 0, 0, 0, 5, 0, 15, 0, 0, 0, 8, 0, 12, 6},
		{0, 0, 8, 12, 0, 0, 0, 0, 0, 0, 0, 0, 0, 0, 0, 15},
		{0, 0, 0, 0, 0, 0, 0, 0, 0, 0, 12, 0, 0, 10, 9, 7},